5000
0 761612269
1 -812176626
1 -126259924
1 361777269
1 439260362
1 253606989
1 -717716382
1 559130970
1 456125412
0 746341501
1 -247839120
1 74525896
1 -713664192
1 -499214787
1 -609911359
1 232002003
1 -14715355
1 331924675
0 -156330799
1 664169082
1 363091574
1 344308480
1 156114729
1 863373952
1 50599744
1 19842727
1 -375857644
0 13912182
1 -45316444
1 -364415313
1 -141800444
1 578036015
1 421405409
1 535312220
1 -865316140
1 360264622
0 943235369
1 -79487550
1 -516768145
1 638041445
1 -634877134
1 -742070102
1 201368250
1 248619491
1 -848488716
0 508423735
1 -415662187
1 -128979387
1 -748332265
1 880910878
1 52872530
1 -955063567
1 887915089
1 -356273064
0 -5260805
1 -742952818
1 -944597266
1 -602217128
1 -51616813
1 -37957001
1 -328957407
1 431387453
1 70615864
0 493354015
1 725757782
1 -155973065
1 76490958
1 426244011
1 -305363925
1 773278999
1 -62133166
1 216957390
0 336241904
1 73017598
1 -437223727
1 -670909736
1 396272912
1 -472558619
1 572870475
1 316149423
1 760252153
0 994845823
1 -242008436
1 -272192986
1 -363755139
1 -180280453
1 -963288634
1 -815072660
1 -60161149
1 390004697
0 258205325
1 -308915836
1 389745350
1 163838890
1 -229113907
1 -756806785
1 703807605
1 -613130168
1 573425203
0 -658823439
1 -905778291
1 -10245430
1 537171131
1 -951061528
1 309048232
1 883160513
1 461970163
1 -792148870
0 -209308930
1 474731770
1 -242894833
1 -222186898
1 752362934
1 454859480
1 927640341
1 61279535
1 -307760133
0 311810933
1 -839286860
1 -243098846
1 -179302250
1 616129478
1 13670580
1 786348815
1 -974372125
1 771608549
0 854045051
1 -150294319
1 -655972319
1 -874248630
1 -951415857
1 643370217
1 707992463
1 426787491
1 -186582205
0 -930900938
1 932304126
1 40010529
1 565491447
1 226053401
1 394615933
1 -945872666
1 -604742629
1 983259108
0 884971549
1 447256387
1 -886281059
1 -299931815
1 -445036144
1 983582137
1 160549538
1 -539134188
1 -488374255
0 -273848628
1 -819776779
1 100789618
1 -482154406
1 831668786
1 611617230
1 -263877325
1 743395620
1 263893443
0 988005209
1 -923542647
1 -875914084
1 -407309634
1 -132495879
1 472994101
1 124156510
1 -327936338
1 376356916
0 -48160777
1 49576466
1 88389112
1 -639032121
1 -173447652
1 792074406
1 989494419
1 446553787
1 -736663186
0 -578047289
1 760895554
1 -942102160
1 -145317116
1 -224588261
1 -515968028
1 -297429956
1 709806656
1 73960463
0 -519692595
1 570760111
1 132496412
1 856770856
1 603100609
1 308495311
1 -938698539
1 765693731
1 -623742517
0 34021804
1 -242633679
1 -797574311
1 582172902
1 877002181
1 -822249606
1 -192225861
1 163606668
1 423039536
0 130753060
1 774962877
1 -473049887
1 -954623841
1 -325997158
1 -828543272
1 642488291
1 -946351039
1 -544226228
0 -641138992
1 -77614193
1 776605962
1 559098365
1 841178461
1 576224827
1 -894737341
1 -703776643
1 239026634
0 -334849622
1 -240861624
1 798672439
1 -504865987
1 395888836
1 -108095212
1 86607266
1 944844470
1 632203858
0 -913385640
1 -137935247
1 -325023856
1 -355206949
1 828708752
1 950071392
1 -831906115
1 891898795
1 -660010563
0 -886704578
1 427070997
1 -676180289
1 686730652
1 659723751
1 757573446
1 683993144
1 -360353223
1 -670299391
0 183152447
1 -233044160
1 -468640110
1 -903817828
1 -919024961
1 604936927
1 34748993
1 -220514318
1 -644803102
0 -178142339
1 -302212811
1 -192656907
1 193254161
1 -208450553
1 -644144069
1 -594056448
1 213209109
1 -656176475
0 -25036587
1 -696064611
1 502868319
1 900385310
1 735316179
1 -234144744
1 750163514
1 -699526885
1 -704239890
0 623842522
1 -508184266
1 -798914188
1 -773116835
1 832073684
1 -372625683
1 75043176
1 92324914
1 27421253
0 277255367
1 -851016211
1 -37616885
1 899136334
1 -111608763
1 620460067
1 -63092877
1 730578285
1 957503550
0 169132180
1 -659107266
1 734665165
1 612801953
1 -138763163
1 606311267
1 -229194293
1 -713088430
1 -492281444
0 -977801978
1 -708939847
1 -728021088
1 723817427
1 -639492725
1 611791260
1 -883172305
1 -791741896
1 318500471
0 75092264
1 -776975014
1 -606877102
1 -199287357
1 468222469
1 344513585
1 -884024433
1 -132386012
1 -524661979
0 -196239771
1 718662994
1 935187193
1 767290176
1 -505188320
1 -926618526
1 441715977
1 -985930533
1 577022295
0 -776494622
1 -419806344
1 -882389269
1 -313023756
1 -953127908
1 -961701524
1 -750853479
1 -268172900
1 -794826122
0 -94768718
1 691360138
1 -919159555
1 -646771306
1 -607737772
1 -166917670
1 388501237
1 814657696
1 410522728
0 -127672772
1 834790089
1 337284132
1 -532982693
1 -273691331
1 526207362
1 872268178
1 216171823
1 259343216
0 -357952739
1 -81404905
1 -850731962
1 -41046885
1 963616658
1 -365543545
1 -476470006
1 -269960898
1 448911203
0 198473903
1 -370311565
1 375698677
1 -276118022
1 -690718384
1 926418877
1 -109001114
1 586605504
1 -801796947
0 379651367
1 827483676
1 301761736
1 -783463676
1 36552744
1 -764478335
1 -399906785
1 946874156
1 465571380
0 303157685
1 -595312674
1 454334866
1 -472876871
1 -140757069
1 836485704
1 -564317710
1 -302432479
1 -336001042
0 767785852
1 979923552
1 901412247
1 -790409608
1 -133189403
1 111502799
1 -290507711
1 -106613299
1 -723322818
0 -145933424
1 -833340007
1 833914780
1 -713384741
1 973390032
1 -525818185
1 -745405224
1 -117186117
1 -282073849
0 -119966124
1 42228999
1 114419084
1 -825391503
1 -596974823
1 811683726
1 535504406
1 -774067859
1 765774971
0 -770342449
1 343640777
1 -368678501
1 495981718
1 -593300335
1 746994285
1 309678759
1 47590789
1 -347214938
0 127788277
1 17537600
1 -597384389
1 243820966
1 796888722
1 919720080
1 -994541352
1 146358139
1 55722617
0 -297726761
1 -863784051
1 380188298
1 -149491604
1 610709321
1 -136633302
1 258795903
1 -564078119
1 -708935785
0 616662511
1 -144389060
1 -149989413
1 -199295018
1 153197290
1 -328383693
1 -906373453
1 329626542
1 -847634403
0 -741669586
1 609330412
1 -569859478
1 715285668
1 376198038
1 -238254363
1 -54437339
1 418575341
1 629399777
0 -296211278
1 171259703
1 258984094
1 -915161018
1 120429663
1 823948914
1 -143853501
1 -127162309
1 578325926
0 28027906
1 -194110703
1 -110978007
1 -610147588
1 -884784173
1 175390070
1 -726045360
1 -579594108
1 748809534
0 370327430
1 -138305214
1 -591694917
1 360109452
1 -574178833
1 -341643029
1 -727456694
1 -730214555
1 -720798655
0 -765822854
1 53354417
1 186742221
1 963147061
1 342692240
1 544210998
1 -684134900
1 -716477474
1 747425148
0 907258581
1 -819490556
1 319434695
1 438824653
1 -187877331
1 656947472
1 872465289
1 -282602328
1 -529386056
0 242316620
1 -666471538
1 -543225845
1 -307667524
1 -772010054
1 -782857801
1 -804984747
1 -129656448
1 -88767081
0 -391961201
1 -901947602
1 50397898
1 -484201377
1 486559721
1 619600669
1 903679455
1 331610323
1 -911847945
0 -503608148
1 897826054
1 596413419
1 -302020394
1 804284441
1 196902168
1 -475293630
1 394188738
1 278256989
0 841470965
1 613019997
1 216329479
1 -537856841
1 349169650
1 206927816
1 257512287
1 118952995
1 -204346332
0 975618141
1 437517596
1 907897154
1 -574342262
1 -888219084
1 417290286
1 104811868
1 -550493729
1 -227332683
0 -749728850
1 -527430012
1 983424518
1 -167375204
1 198074905
1 752374271
1 -812203271
1 201105386
1 111738007
0 -109590407
1 448954653
1 -670194438
1 -972619723
1 -265501053
1 -145765289
1 495457610
1 -867591177
1 -454263203
0 -681727632
1 -429950288
1 -127063530
1 -264620898
1 736883387
1 -144370115
1 -660154272
1 -78538412
1 -265525744
0 252082883
1 89241213
1 914517516
1 943854681
1 -304262174
1 559100209
1 -259469785
1 -843219394
1 480403992
0 868250574
1 -9939256
1 -998420761
1 194521743
1 970534603
1 374942411
1 -945697107
1 -664848165
1 -666831074
0 -377887459
1 -654418041
1 -548155779
1 -555232880
1 -869768140
1 -163026163
1 538953883
1 -844199856
1 479895329
0 371328912
1 267871972
1 -100762814
1 -304898539
1 -634788047
1 402022909
1 -673675321
1 -822469080
1 -692376241
0 -518406136
1 651071944
1 -95244588
1 -830165160
1 587998539
1 -64278923
1 316002250
1 -428808063
1 -980089819
0 246137627
1 -556679195
1 870469762
1 -523992907
1 -270998405
1 -429101153
1 -553679113
1 -712380744
1 -54135315
0 508365702
1 241875628
1 284339973
1 343163827
1 -951145521
1 793008817
1 933648407
1 146576668
1 -773068040
0 86471546
1 -789731884
1 716023024
1 685260880
1 -613718955
1 -216968906
1 749505261
1 -187351814
1 -574563992
0 5917019
1 -658919249
1 -446095414
1 -649166534
1 414307025
1 -355427339
1 317455675
1 -260061817
1 -366992361
0 -360067514
1 -264804685
1 134793942
1 -144446305
1 34213855
1 -308070381
1 47797209
1 241676760
1 -756772001
0 -300920582
1 842548282
1 166944506
1 228637711
1 506765468
1 96654771
1 -757470480
1 -761116505
1 264123783
0 -569271422
1 -735877342
1 -83103080
1 -264233839
1 -644125559
1 -421326677
1 -738017702
1 -130798107
1 759254392
0 790872290
1 -146973718
1 -470348087
1 608839716
1 -653629015
1 -188342690
1 904312824
1 421881401
1 713239963
0 685495800
1 947458303
1 115358422
1 -867232200
1 621573664
1 300812151
1 492481378
1 -616372041
1 -156207466
0 -787797842
1 453129026
1 -961457936
1 423811442
1 910211760
1 359744610
1 547371117
1 282488489
1 161745407
0 170489491
1 871776614
1 399759545
1 141092946
1 -360491802
1 -802496911
1 -534033199
1 618355996
1 -539387410
0 391323100
1 922667957
1 997892028
1 -778193595
1 -959802191
1 17211343
1 -646977312
1 197485835
1 -892377533
0 894738819
1 631107373
1 -79653796
1 314303675
1 151400255
1 289900427
1 -618942047
1 174235572
1 41040069
0 435631444
1 -800039179
1 -273729443
1 -868239640
1 -833108072
1 -326866251
1 483952567
1 977515417
1 -156546982
0 244024518
1 -430652891
1 -683150734
1 374117238
1 935203626
1 -128120429
1 214999344
1 945895491
1 -738587167
0 216015916
1 -109463424
1 643591492
1 -619341295
1 -836917487
1 468464659
1 395978631
1 554934932
1 -148328800
0 -560964323
1 -912240786
1 57221121
1 -205575323
1 576693542
1 -332179715
1 395590122
1 384248556
1 210077345
0 -918129941
1 818112384
1 968981108
1 518555749
1 -436702323
1 -497713968
1 722972832
1 981232801
1 782600332
0 -78500779
1 -707681518
1 909313563
1 -820140817
1 243768205
1 97910230
1 -463611042
1 640248244
1 745080337
0 982766515
1 490254997
1 -517015741
1 899370725
1 -382873851
1 -110895041
1 425724491
1 482844963
1 -896151056
0 299191625
1 -206754746
1 -827743650
1 454155078
1 732045389
1 -604434597
1 -398734834
1 838447563
1 181155844
0 513606258
1 895952167
1 837928723
1 900461118
1 774777806
1 968853130
1 -524298414
1 -355050846
1 689278043
0 -969989475
1 945302186
1 298497019
1 -131233288
1 616587205
1 -464268377
1 -916864716
1 -857253914
1 227813158
0 762700257
1 -451862711
1 -864568861
1 184948955
1 -670189127
1 937421322
1 -972287694
1 512305896
1 -560761295
0 -626730622
1 -184896569
1 -708610886
1 354149890
1 455970652
1 851509505
1 -447977351
1 604010662
1 -539040049
0 699660779
1 -75511187
1 530062523
1 -241949142
1 -554250621
1 939901464
1 779925970
1 614356437
1 124766578
0 -187968545
1 -686469686
1 565530725
1 820068602
1 -976990292
1 -430441412
1 -2013571
1 -145970099
1 982595967
0 -703607585
1 49036724
1 617623282
1 539511695
1 -304514657
1 -582956079
1 277401834
1 -925526311
1 -706971976
0 -930840560
1 243974814
1 918570546
1 -414806914
1 359591912
1 -785689914
1 -929522791
1 60965016
1 -511733095
0 -95516901
1 118779167
1 -827932636
1 -46950439
1 -808225904
1 207713590
1 -487529445
1 -499655743
1 -427855629
0 649967325
1 -327480057
1 -888449110
1 459178920
1 -656561707
1 -548920350
1 569272789
1 -116104485
1 518002099
0 -807102702
1 -950866086
1 771654270
1 -447807322
1 -590006206
1 783521297
1 -950880312
1 464526157
1 724289633
0 -550786012
1 -952021716
1 83980061
1 837378878
1 -92337468
1 -357908207
1 90849617
1 -160925581
1 -311621289
0 -792185314
1 -510248762
1 -639969862
1 328688605
1 -977909050
1 -728850011
1 -281370467
1 -747908771
1 -455788041
0 -662484974
1 771701103
1 717411726
1 -245246532
1 369879459
1 -491110038
1 485555371
1 -444394008
1 806996507
0 -950761124
1 -257248147
1 764616224
1 441456
1 -191433223
1 103449989
1 756484360
1 276726509
1 430741023
0 -74908952
1 772868901
1 -348304266
1 -556147047
1 -964962568
1 907463752
1 463440288
1 -618100951
1 -399979101
0 877973477
1 -274258236
1 -467009755
1 -726627556
1 -759311961
1 -590090058
1 708307146
1 -576533483
1 -170196905
0 -42353202
1 -317955375
1 349621411
1 -62287368
1 -95488387
1 -933633244
1 -859540669
1 615036563
1 201038115
0 -196739190
1 104280694
1 567123222
1 537285971
1 874813263
1 -812440758
1 981396950
1 -954948104
1 -980813534
0 581760138
1 -39020201
1 538440504
1 800131744
1 -63642131
1 887524032
1 424642382
1 -257773768
1 111903095
0 -982120431
1 -479529388
1 -775302495
1 -944712751
1 -376350712
1 372844074
1 -833191251
1 -780987977
1 607487120
0 901831362
1 715735350
1 248948142
1 -417384790
1 -757950722
1 504688872
1 195596301
1 -999719916
1 -331712287
0 90024191
1 543299467
1 -169834978
1 -369774379
1 -455018470
1 -400602039
1 -641093281
1 665501538
1 105554250
0 283204311
1 -747092454
1 813067911
1 676043268
1 635425676
1 -271102578
1 708626097
1 791385950
1 -989204546
0 -436529007
1 133401908
1 840229498
1 397867301
1 -322761570
1 -716134580
1 752073354
1 -917777336
1 157458038
0 -165050905
1 -240950375
1 494229771
1 489056960
1 -544926523
1 -470920926
1 -685737232
1 796981583
1 -441743668
0 -910936153
1 -801109909
1 -96629762
1 -232370105
1 -995505995
1 899961989
1 -492095006
1 332329378
1 -13976559
0 854062840
1 394339588
1 -637964775
1 -1230378
1 -271486690
1 828824387
1 732324291
1 119830511
1 -881402128
0 441329472
1 825376018
1 -180473810
1 451831272
1 -789267412
1 91640153
1 560738637
1 -195308278
1 -633446006
0 97145046
1 8659373
1 -2119204
1 -118764274
1 -811742855
1 -897150045
1 778513969
1 -544693756
1 565115036
0 883811658
1 -60143033
1 -555619017
1 645403639
1 268962382
1 -493042311
1 -834037156
1 -64667998
1 -354608811
0 -307532646
1 265198975
1 695121636
1 -243624361
1 -419090865
1 -11387395
1 660032492
1 183554656
1 838211110
0 333164950
1 281507507
1 964835696
1 -467528912
1 -81287877
1 -119255434
1 -740973393
1 -882357423
1 -512774406
0 -975538474
1 -215741108
1 201503370
1 76141659
1 -97718983
1 -776405068
1 -666379386
1 -177776542
1 -255134719
0 800364316
1 40864357
1 210314856
1 582244671
1 -591213114
1 -915938739
1 -157837040
1 -567911819
1 709445864
0 -157196815
1 -572110799
1 423988456
1 435119847
1 -215712409
1 849221402
1 -652014200
1 -431695461
1 -189783203
0 231233470
1 -936631685
1 83825311
1 -4043516
1 -555343293
1 268962913
1 -832923425
1 380910046
1 96069812
0 -165350107
1 -942896719
1 590419727
1 256545071
1 16446580
1 645198377
1 -658933707
1 -657628808
1 25094657
0 914238853
1 341156530
1 -129406199
1 774194009
1 -570548072
1 -841639788
1 446413388
1 192225968
1 979410579
0 191995528
1 469262882
1 44784296
1 740396584
1 147101512
1 61574986
1 57912616
1 -667764916
1 -848967901
0 -751723030
1 -163480272
1 -723503216
1 -87089276
1 -319006228
1 226519537
1 -365319957
1 660164856
1 461579841
0 945566774
1 759581175
1 -190139114
1 -603289226
1 -577958616
1 653838070
1 742847869
1 -910518808
1 -700426341
0 -273161849
1 -892939039
1 -70599143
1 -211329248
1 186853958
1 -164063993
1 290734818
1 797711126
1 -302492397
0 -782301607
1 41596631
1 801947168
1 -105283602
1 513108972
1 278539366
1 23839309
1 196164600
1 -949891847
0 932708899
1 238855482
1 719821859
1 509905723
1 -792535702
1 -180485416
1 494487522
1 -135597634
1 588015576
0 -510233096
1 365104039
1 -440033101
1 214334491
1 303843367
1 946273549
1 120603470
1 826699128
1 -973836945
0 -836220437
1 626173468
1 -479896391
1 812955156
1 274006010
1 -638548405
1 323702902
1 662068235
1 715013981
0 -171635645
1 745536100
1 225988833
1 255274522
1 557977488
1 -109850221
1 877586676
1 -282772419
1 -275787969
0 -306650284
1 -397779743
1 910276847
1 110298798
1 675640500
1 982395549
1 -410476034
1 -954956506
1 756350164
0 -177850993
1 822478636
1 3075167
1 -201850624
1 618147355
1 726634684
1 757961216
1 900612694
1 549832198
0 -468488915
1 -815472802
1 896712546
1 504873458
1 -941664924
1 155257605
1 -566353157
1 -152312478
1 431944714
0 -842182144
1 972428907
1 968603231
1 -179003060
1 -636999449
1 206034432
1 609088790
1 438719561
1 -781703593
0 -17929463
1 -569711515
1 470093890
1 -272235803
1 567226296
1 -811349114
1 929341001
1 287816744
1 -758422398
0 -499311341
1 -362052417
1 -278947443
1 432945081
1 211965731
1 307706846
1 -922478037
1 -20447545
1 913977179
0 -59057728
1 -322979849
1 -905891917
1 -627153707
1 394454228
1 -531190606
1 166630501
1 243069121
1 -384313987
0 890856417
1 -497302969
1 -137291016
1 788488253
1 238607859
1 -824975775
1 -839047971
1 641853235
1 742990722
0 -886236752
1 873897057
1 394787982
1 388736511
1 -887771930
1 -155588806
1 -588520480
1 -658097951
1 302987203
0 -555091893
1 -731323786
1 153591687
1 -915035959
1 -904659719
1 982264331
1 171361805
1 701489944
1 -435039180
0 805184297
1 698420421
1 613175273
1 -181800072
1 447165531
1 363924412
1 206618166
1 -522233085
1 -337265476
0 -952320380
1 276967113
1 -291080499
1 -283711350
1 558773672
1 -730742816
1 -641375461
1 -772971292
1 469972934
0 851725750
1 308523878
1 -645454073
1 -925372204
1 -344985318
1 -479827984
1 -49921359
1 531509078
1 759827509
0 -95411986
1 -558694781
1 -264540365
1 964622103
1 152047143
1 -190020436
1 886651145
1 747597872
1 -637478168
0 -276920254
1 -850661678
1 375571068
1 45009132
1 -231148707
1 714530099
1 -450066886
1 -701848907
1 -543093471
0 -519949214
1 141518908
1 313481973
1 -412355256
1 -372247941
1 -456024158
1 144299638
1 -772070989
1 -418967795
0 260707889
1 473812346
1 799373048
1 371824001
1 384737854
1 456526639
1 954507731
1 872198142
1 -400898479
0 799765021
1 402120830
1 -141676756
1 -561722535
1 -586121774
1 766678655
1 -104659658
1 -818130340
1 -730040762
0 518539447
1 -662673929
1 146774841
1 -345523059
1 248171291
1 421880900
1 -87646797
1 548072997
1 -299890117
0 11734302
1 -720885513
1 -748207343
1 320998594
1 958306237
1 -632992251
1 -376642863
1 385298629
1 692346943
0 163452210
1 -733850838
1 -365944240
1 -892602906
1 -302459209
1 357986839
1 304533110
1 -819991834
1 844417247
0 -165929328
1 -641318805
1 -120193507
1 638260057
1 492252426
1 938028127
1 708514320
1 -993794093
1 185972593
0 -296365923
1 437181075
1 -652462127
1 12946095
1 102627085
1 -106931820
1 283336403
1 -44000030
1 -738135588
0 554057049
1 934014035
1 983256612
1 -895841455
1 -548209185
1 -496026205
1 -237362708
1 938630420
1 -321769383
0 485115099
1 -156810304
1 -119483684
1 -93065129
1 982815238
1 819133704
1 401720137
1 278073624
1 -416501364
0 47925644
1 828578682
1 -188706358
1 27715477
1 573031186
1 665819519
1 -964600908
1 975447110
1 -307700879
0 705035786
1 -485589094
1 965438222
1 -864769646
1 994835855
1 989619701
1 437839188
1 294245505
1 574224479
0 482592735
1 -468450433
1 -594003364
1 7859106
1 716904966
1 -524137205
1 -967585291
1 702906328
1 701429946
0 341061631
1 443874977
1 -800244373
1 -644450865
1 -532148610
1 -404927966
1 -53369394
1 192775699
1 397455724
0 -32973927
1 -124310003
1 136455070
1 -422165198
1 914390321
1 -782103751
1 -533445638
1 -838820167
1 -546205932
0 -469609087
1 796788258
1 907962032
1 570765176
1 -811217494
1 -217061685
1 -372255048
1 -803836184
1 318373205
0 -895480328
1 -701506850
1 478336360
1 -846932367
1 223624363
1 -622701007
1 -976751480
1 141543903
1 117387306
0 -854431060
1 448158346
1 -619151317
1 -618065177
1 671114939
1 538194829
1 -734913739
1 -928959648
1 -155238687
0 789923013
1 -771681018
1 235266152
1 794609775
1 315867300
1 716490644
1 215919458
1 -141871789
1 -324907157
0 771790240
1 -58534517
1 94276557
1 50312552
1 782726108
1 -907178161
1 -612853839
1 -295310664
1 152562262
0 886236183
1 -277046661
1 285980291
1 267807163
1 991273274
1 -720456668
1 24491531
1 -279593568
1 -965346922
0 -238305342
1 421965926
1 944095707
1 221494628
1 361227197
1 89166155
1 140344727
1 -982936296
1 -888067975
0 -808332176
1 -834972241
1 -163660477
1 -61821737
1 832743516
1 -173181196
1 411459321
1 985794557
1 -72291628
0 687029715
1 -149639828
1 -126597066
1 520390028
1 232467847
1 -919816994
1 211040850
1 -963550701
1 873613793
0 722599571
1 16170395
1 -625739766
1 321595669
1 -811806068
1 -871079602
1 -895645128
1 -806859281
1 583728045
0 -706813496
1 774065115
1 -870772854
1 -564251270
1 -935813162
1 392065916
1 -569583188
1 941517854
1 -831229577
0 -345516607
1 38249566
1 -944291880
1 -790320149
1 -209137055
1 916993210
1 750913470
1 10123940
1 -785744488
0 -372273588
1 -455161558
1 865404304
1 -417090824
1 44270554
1 140592746
1 191127565
1 -880782841
1 34232305
0 144859246
1 517761216
1 -228390361
1 -469706738
1 -834742914
1 691114452
1 -664701254
1 918807294
1 -123334994
0 -80165126
1 -256926375
1 814894051
1 118519700
1 71454103
1 51552876
1 -466515110
1 375482958
1 873446943
0 -450437261
1 482144718
1 -42963487
1 -149822995
1 -636046752
1 -797118472
1 -449770002
1 671161965
1 -542748544
0 294531824
1 -409450475
1 -956267173
1 -122501430
1 -497878303
1 653004630
1 -512579621
1 -262042600
1 227282170
0 -873412576
1 844441863
1 44375450
1 956602238
1 223523174
1 887703373
1 310891521
1 -429429089
1 -12303893
0 -178631255
1 88440472
1 385376457
1 133902029
1 -344159066
1 89010615
1 -204056634
1 684882830
1 -725737280
0 -250868658
1 465977959
1 458111082
1 -784094625
1 791449414
1 964227931
1 -838299860
1 109409695
1 632724371
0 770304371
1 -669610231
1 -677037888
1 237896474
1 380298595
1 959409766
1 -800346177
1 574042622
1 46511926
0 766802492
1 701025789
1 -877844415
1 242059253
1 -412744879
1 300287280
1 144244494
1 704443351
1 498082929
0 501225911
1 -132201810
1 -93498015
1 -173777922
1 229279367
1 866206608
1 790798539
1 670712843
1 -586339219
0 -38394746
1 42542770
1 626036725
1 810229317
1 -270276004
1 -408707241
1 -984014266
1 136969811
1 -587200206
0 569361867
1 19702173
1 396803577
1 498821670
1 -860487053
1 794265858
1 448163434
1 -63276492
1 -989862121
0 -512538275
1 -292736973
1 -198986998
1 522962283
1 -326083112
1 -123561127
1 -178035324
1 -305911717
1 -28096200
0 -391147261
1 459746928
1 323020885
1 -964966188
1 -367122452
1 -639213045
1 196928440
1 -469676056
1 -182899188
0 942602378
1 -818726630
1 -342846030
1 577045705
1 766467294
1 765757915
1 -142091718
1 51801271
1 -313264775
0 830336988
1 -65663084
1 -697400494
1 -11182036
1 -623568126
1 918011508
1 326905188
1 517561875
1 -477237487
0 709117597
1 707026673
1 798813132
1 -716883249
1 138936700
1 704428943
1 995467478
1 739048541
1 -505544356
0 524989638
1 -946669864
1 454809854
1 972651045
1 223419311
1 -31078268
1 -394051110
1 455233858
1 -11752555
0 -749138431
1 294351599
1 -174352070
1 -884431401
1 122905123
1 -539756318
1 -584470653
1 750095972
1 145220268
0 877660316
1 -130644286
1 -50667136
1 -622446306
1 -377726261
1 -162768968
1 388383094
1 -990736497
1 503586804
0 -109128583
1 -123264594
1 199359118
1 431747271
1 -880016456
1 252713691
1 60754787
1 -353330315
1 761410195
0 594773344
1 -38514481
1 -949852521
1 -945019884
1 51465203
1 -229285545
1 167178406
1 732479686
1 -499906077
0 502230349
1 564664456
1 -6688626
1 970450207
1 -111670163
1 93748266
1 -255733706
1 86929030
1 418327537
0 -776125347
1 326815737
1 -414607318
1 575305719
1 973679832
1 -675945069
1 606559548
1 502722662
1 -571066103
0 -264061369
1 -971071225
1 460756704
1 -959331305
1 -876129102
1 -946037093
1 -617404742
1 -213552119
1 -63544845
0 387450436
1 434617139
1 172722903
1 -255341869
1 640043466
1 324443957
1 30769815
1 739647459
1 -697662701
0 -573723574
1 765289248
1 -646883971
1 -886264394
1 -789427123
1 -912657709
1 -324623784
1 683643223
1 -518562079
0 907130462
1 -87037262
1 550642499
1 -618872759
1 -354696591
1 -855676871
1 -648630264
1 -139592510
1 -148676252
0 -683574567
1 -596160867
1 840730489
1 -90017027
1 -245919776
1 866532963
1 589263424
1 -874959219
1 -470759683
0 -213758907
1 -4732988
1 521039220
1 -17667532
1 538438742
1 -615895970
1 344607969
1 409350507
1 785235889
0 -726593078
1 855641771
1 405397014
1 233310521
1 -424654437
1 -645515751
1 544003976
1 -24011806
1 -970067073
0 671496578
1 -545200750
1 -710457822
1 994887807
1 512780860
1 -292680730
1 -462406246
1 619186399
1 -132183356
0 -203137327
1 607711520
1 297873422
1 86150220
1 -448183138
1 -199264426
1 -260341282
1 -4939273
1 -491467251
0 516662427
1 154869206
1 -428049057
1 230778966
1 427233170
1 -798141872
1 941489942
1 -732388273
1 356792704
0 241283929
1 841523639
1 451639787
1 -889881344
1 252710230
1 145927212
1 431519652
1 141439698
1 -808026883
0 470964773
1 -688640163
1 806437387
1 625822626
1 -268384889
1 670969078
1 -514395752
1 -751587636
1 -88887436
0 -302569951
1 375860620
1 -67484257
1 4142558
1 807374349
1 -544084171
1 27889560
1 601495846
1 254451147
0 -164470704
1 -1678618
1 -89614602
1 803911029
1 -369093148
1 354616420
1 -788038599
1 -42167418
1 323777621
0 -142401625
1 233109524
1 270474780
1 819970405
1 -42073387
1 941640866
1 -258823192
1 377196926
1 -787797368
0 487477141
1 483865571
1 91084199
1 -313931747
1 -489353661
1 607296381
1 344265564
1 -465468383
1 765186606
0 60599929
1 -6417102
1 -667263609
1 -9683522
1 405833559
1 -745782348
1 -125273347
1 -494268089
1 622282197
0 760398028
1 -500404386
1 -564677567
1 704839731
1 950494329
1 -988046565
1 790181811
1 -685251918
1 14704947
0 -856328670
1 400230307
1 476960586
1 -826799594
1 -187484211
1 192826941
1 -697120506
1 835466193
1 990973198
0 202899502
1 256080701
1 -908578145
1 969884709
1 -513264127
1 -734304618
1 937464545
1 272920718
1 141191150
0 32135250
1 -929175796
1 -205491305
1 -693279182
1 906803696
1 -959412136
1 396597117
1 -666926337
1 582749342
0 -416694922
1 843873156
1 100187285
1 868096582
1 197862894
1 37444824
1 -485715768
1 401358881
1 219122138
0 676871588
1 64510927
1 -9232505
1 179976055
1 369065713
1 572215218
1 -876526776
1 -684814589
1 -640106656
0 -345124547
1 434762221
1 -317922662
1 302685664
1 24908447
1 933514762
1 376818291
1 408510684
1 -701586030
0 -403793065
1 444669139
1 293480711
1 836163837
1 -351242249
1 -298257745
1 511685769
1 577207688
1 -976002625
0 248029883
1 196971671
1 908860161
1 881455651
1 -550523674
1 577887921
1 -392825119
1 874488562
1 -364368491
0 764827158
1 -464803778
1 -648342953
1 -346747295
1 -820795448
1 -914581898
1 -571632709
1 -868650643
1 -869985407
0 995042732
1 -966859208
1 -203509651
1 862485681
1 -685518620
1 313806288
1 23042519
1 -481974008
1 -806601999
0 345601513
1 62577655
1 564510479
1 -360546338
1 -955837859
1 -518669261
1 -865707299
1 -504263745
1 832849893
0 -557154032
1 73946628
1 526161602
1 -419844555
1 -787364351
1 853986885
1 -318293709
1 619577678
1 343054250
0 -292982269
1 850719965
1 -800037170
1 -565804476
1 -85195234
1 949066241
1 224754571
1 -567454439
1 256963624
0 -179334068
1 238516064
1 984139612
1 -799957969
1 816774807
1 -946392687
1 705390648
1 -8522302
1 91456994
0 -288412787
1 828242070
1 -141879987
1 898746309
1 424532041
1 -153992498
1 -969044146
1 -90856308
1 902795349
0 327124233
1 -190865857
1 397278430
1 -484991225
1 487416903
1 -870718591
1 -319364466
1 -942835985
1 570110321
0 -261683426
1 -168936508
1 -223060900
1 -164566161
1 883379496
1 -761342521
1 -21633761
1 -117043569
1 -933503304
0 -716510230
1 30259335
1 843256606
1 -808869155
1 -558366043
1 88074599
1 -373446268
1 -467610570
1 882155623
0 547093322
1 758623862
1 855614427
1 -483915494
1 -492526230
1 137030261
1 -714746639
1 198111381
1 -967665290
0 -684577390
1 -754582168
1 -523172314
1 374810325
1 658803961
1 695267699
1 150442825
1 -499533071
1 816802454
0 -224468785
1 -808141745
1 -60369090
1 -763305533
1 922199773
1 -900756813
1 28514955
1 205169671
1 -680576339
0 -232351387
1 -829043961
1 -16721418
1 -886776972
1 54774304
1 -810601053
1 -159001437
1 438789043
1 -791513753
0 -138703143
1 -860387924
1 262416444
1 -629438384
1 346845772
1 -28900322
1 996219186
1 -926288848
1 -952403395
0 -725886802
1 807843386
1 198538289
1 821572687
1 107076870
1 174435221
1 -863431034
1 -694611724
1 -650722950
0 -587756109
1 -17739036
1 -153908916
1 29803009
1 734010579
1 13230697
1 365831359
1 -347101751
1 -827179902
0 -944311591
1 -285550931
1 -652329551
1 -752671479
1 150783452
1 -513949469
1 -524471267
1 21442244
1 -635333951
0 -920511667
1 -105261354
1 -85577702
1 -397642648
1 -597478617
1 914354659
1 796632418
1 -978551171
1 917926350
0 -999405983
1 -89300821
1 119158634
1 837834708
1 -74693226
1 223578689
1 -944552432
1 -86911168
1 -35287972
0 -35487425
1 -910685703
1 1088709
1 271640592
1 387202532
1 -515962965
1 -583178362
1 -749843982
1 37343359
0 -835233920
1 633725203
1 673544163
1 -915914312
1 -761134940
1 634509390
1 807084175
1 -721230755
1 -663782091
0 -28727119
1 889664685
1 -221855852
1 961688016
1 888489628
1 -313948363
1 -25501703
1 -709365426
1 544675624
0 623706441
1 -875936208
1 -537609285
1 -814932760
1 -390336910
1 -750348731
1 -840788505
1 -9528156
1 -91746813
0 -278470063
1 517919567
1 169799096
1 427114831
1 -159474520
1 -538352417
1 -830455775
1 -821250142
1 -662732977
0 -755574956
1 -229007522
1 10469204
1 917799983
1 215816323
1 -5874484
1 -759397275
1 608594860
1 -102005014
0 -676177449
1 -268083218
1 456672468
1 798958824
1 665217544
1 -764042635
1 144489736
1 -519749028
1 852913802
0 -361811569
1 399164420
1 -414851109
1 566290968
1 -371137160
1 -39921372
1 758454235
1 571884206
1 -130806995
0 -393451008
1 698277871
1 -813746890
1 -172797171
1 605038369
1 -366774543
1 426201338
1 219984073
1 -340692282
0 921708437
1 -859387164
1 701490078
1 88199722
1 -264597161
1 355016579
1 -649831719
1 -5408498
1 293163707
0 -638108467
1 -414577548
1 429472859
1 104927983
1 528400338
1 -613856591
1 955851167
1 -321828969
1 74892216
0 630674577
1 880951086
1 -341501540
1 -656264105
1 794649726
1 -695543540
1 174603844
1 273169755
1 386014995
0 478614012
1 965345080
1 453035811
1 884928971
1 -101863763
1 938815650
1 -978165704
1 943931168
1 -392275747
0 -728971801
1 -777399337
1 -720088037
1 -655891302
1 824108272
1 -794533482
1 -550577048
1 -390347322
1 -237914148
0 -590625111
1 -632557929
1 -324068517
1 727124990
1 -180871003
1 268756753
1 -462030083
1 753173919
1 -930723760
0 -426277296
1 801415840
1 -852182516
1 50933910
1 -874755082
1 861029746
1 343223474
1 -256582167
1 50504057
0 -415647697
1 628635028
1 20384692
1 617292065
1 -877300392
1 146721915
1 -146618478
1 -702854358
1 964967447
0 713414048
1 -140039927
1 -836615415
1 -239699030
1 -159709899
1 -143579775
1 -569606746
1 683943004
1 784769609
0 -102065106
1 756202710
1 -785246888
1 724100267
1 350559400
1 -240694819
1 -553422716
1 -205869927
1 -784869155
0 -441544141
1 -995788313
1 45506891
1 554035096
1 -442435261
1 613441990
1 -429303386
1 902775226
1 -978484356
0 174429745
1 858548889
1 673044613
1 940710585
1 -591433188
1 -545964246
1 962414972
1 -642906276
1 -189785299
0 -824884433
1 595676105
1 56009533
1 199023165
1 158912997
1 -856448685
1 -147262329
1 287523934
1 -120825986
0 694405328
1 -611202569
1 -373102585
1 240394597
1 755359581
1 -884150402
1 -792852067
1 444652595
1 -475680523
0 -710168574
1 -628498943
1 -790773028
1 784658501
1 886381905
1 -53217345
1 -714632050
1 790930613
1 539872641
0 -9821690
1 -959371231
1 -192317333
1 683896862
1 -716603346
1 670696689
1 591426616
1 685009
1 -230496781
0 468469221
1 -561592499
1 151093144
1 602844609
1 -112449889
1 -540401225
1 -805246801
1 -483938142
1 908423382
0 132156191
1 321428250
1 16945408
1 437685493
1 -860975657
1 -811946443
1 674034410
1 -564924051
1 630369829
0 178552914
1 -2709820
1 -441979971
1 874199280
1 968686986
1 -934235825
1 -78791294
1 454730661
1 945333044
0 11079742
1 -795914658
1 -998318682
1 -524712671
1 -992477104
1 -116898213
1 -734905667
1 791043765
1 456566143
0 111586643
1 997232330
1 766227572
1 559310152
1 191265918
1 496266134
1 923458569
1 16144445
1 -693962658
0 805663227
1 224084432
1 560886427
1 -365264928
1 175687315
1 -542739918
1 -915217997
1 -522891479
1 -961368120
0 943404785
1 314112328
1 308154734
1 938775766
1 -74397425
1 724381616
1 827437756
1 940338542
1 -950481107
0 -693545465
1 -141661366
1 521876031
1 622982206
1 -322963657
1 -715093393
1 641837671
1 -246400244
1 -678061712
0 -915874772
1 879217055
1 464708359
1 986467241
1 741633000
1 -405698366
1 -242612671
1 -169597198
1 -954927029
0 524839320
1 -916791030
1 571616101
1 -990847415
1 58831435
1 92689574
1 -868499477
1 -461919993
1 -4708411
0 -964034478
1 448255530
1 -8899846
1 -589307428
1 224979947
1 -621845551
1 -252479135
1 332767513
1 279387872
0 -914774232
1 -357671922
1 666373113
1 773961813
1 233269501
1 12327559
1 151906586
1 916981793
1 -730004627
0 248134852
1 -534334868
1 -11220222
1 991941137
1 878015844
1 -751398998
1 498055108
1 514851493
1 906464993
0 90257167
1 -809053265
1 -938756835
1 -843990240
1 -943348590
1 1368438
1 -258865702
1 -787805686
1 783559864
0 43837733
1 946164117
1 488661425
1 -296901195
1 -428803393
1 274864454
1 -380207965
1 -343854783
1 -114454168
0 405938658
1 791610261
1 -354766405
1 -435654312
1 -269144306
1 -30001594
1 897709556
1 -153627428
1 -539981703
0 187124760
1 841950290
1 364922594
1 751944880
1 931919190
1 331908884
1 -326618776
1 -466839550
1 830790536
0 555536893
1 -359645035
1 290973390
1 995059877
1 -707301466
1 -879890107
1 -708418460
1 400514791
1 908357168
0 902532832
1 -333718026
1 896113442
1 119178444
1 -589981832
1 -887096114
1 39101863
1 561308071
1 -51700115
0 737763218
1 929106653
1 299247064
1 -503512654
1 -244394190
1 -898359805
1 196644217
1 828316580
1 -697918455
0 963306582
1 158403882
1 527337809
1 -620164356
1 -534519998
1 -259846722
1 954239982
1 -281542664
1 373668989
0 -585742972
1 166419386
1 191096363
1 -384375809
1 -182779650
1 -134586760
1 271546405
1 -452632086
1 -312624419
0 947481227
1 -36724078
1 -83995005
1 -260139124
1 328804756
1 -674612575
1 -518853568
1 -244169548
1 157617243
0 31167351
1 745021500
1 -38412335
1 -522946206
1 -914194081
1 -629636468
1 929640709
1 -325620515
1 922445763
0 -460387441
1 -519499211
1 562000095
1 -414665387
1 649110233
1 -206670898
1 -832355420
1 220378930
1 529734079
0 -186719302
1 -997617460
1 -290220736
1 733265605
1 174406432
1 -181852503
1 -843456781
1 831336680
1 -612095894
0 564192948
1 569764426
1 283186010
1 -755072237
1 -507782408
1 877258337
1 -367196510
1 758590811
1 545864955
0 -461525420
1 -538938645
1 -585400721
1 -699031902
1 562928076
1 48759824
1 542502928
1 -579299890
1 184021944
0 183928896
1 652852583
1 235650388
1 58733046
1 -445848582
1 712128713
1 -539742695
1 -856131308
1 -412972444
0 -703917554
1 297956280
1 -117865052
1 -542302456
1 -988000525
1 -978586017
1 788279751
1 241518034
1 240408101
0 298852343
1 103408855
1 764276765
1 892161899
1 -685273262
1 625603764
1 -801701327
1 -698444759
1 751464780
0 -116915680
1 -258727777
1 -965274191
1 -465915204
1 -235245322
1 933553081
1 -215648798
1 -760760218
1 983968195
0 -806291416
1 316717964
1 -608955109
1 -192782696
1 300535988
1 -512682701
1 787467356
1 139841234
1 616434227
0 508736740
1 703448545
1 399260674
1 -608381614
1 -808692189
1 -990076733
1 298874664
1 497935686
1 -713827838
0 445028500
1 432814879
1 729484819
1 -687570357
1 -440175694
1 -698948552
1 -946746417
1 -246260694
1 597373529
0 868266626
1 924703859
1 591076622
1 981729071
1 626985944
1 136072218
1 -625242780
1 -132715708
1 -724118262
0 231968056
1 -642176317
1 143037277
1 755509877
1 117094657
1 82324360
1 159084298
1 -471432769
1 -980441055
0 -923170439
1 -687187058
1 -170020847
1 9451470
1 -95870125
1 306339618
1 977476366
1 782496967
1 524300424
0 10587014
1 -477447330
1 -491135434
1 -983977098
1 740794490
1 592057875
1 18714533
1 -443460661
1 175048153
0 438429595
1 -151349861
1 -725056318
1 157726903
1 606269655
1 548919074
1 -312387972
1 -358034555
1 -911555427
0 798661244
1 171099331
1 -642725230
1 -368579906
1 -971853830
1 584573101
1 -161161943
1 827072275
1 133329165
0 -926307447
1 -883534074
1 567713021
1 -811795702
1 -160668932
1 -180054228
1 -135394875
1 -404362885
1 679458885
0 601062789
1 45953372
1 173580306
1 -28383866
1 -843936597
1 -664816104
1 183057233
1 820592037
1 809368508
0 159758480
1 867297154
1 -619250267
1 138847665
1 -712198821
1 -841787109
1 -546079108
1 382107267
1 -301617980
0 -205880333
1 -541405646
1 768534100
1 -900494331
1 908587025
1 -284478375
1 259042156
1 -215654851
1 -935477558
0 488476729
1 324294928
1 719975753
1 -614668911
1 -706587856
1 -628759747
1 -352247493
1 -160895952
1 66139302
0 -675760899
1 203834301
1 -401167102
1 77852427
1 208340680
1 -653711446
1 -830450836
1 465779162
1 -165427021
0 216858245
1 385437375
1 521048972
1 -986025088
1 957297739
1 756346813
1 411232623
1 753938950
1 388551121
0 -754208636
1 249736172
1 -784444871
1 -394296324
1 -913791853
1 147551368
1 -314442722
1 947487132
1 370826791
0 308600631
1 794488551
1 -287896411
1 177354739
1 690426801
1 559998757
1 24430554
1 -835078410
1 -254027235
0 -550529468
1 -976287533
1 914963713
1 -459566255
1 -116925057
1 24469878
1 -839629484
1 733818483
1 210061692
0 636779789
1 -597016627
1 -9718068
1 -302831623
1 -583366359
1 322392149
1 -449174875
1 -364520859
1 -143245660
0 -621893305
1 378989788
1 482862482
1 773438629
1 809393408
1 776814656
1 1905519
1 641352055
1 258906264
0 642878570
1 107526267
1 691401009
1 -400396288
1 48158948
1 -482595505
1 -568787886
1 905020601
1 24599141
0 629648434
1 -316756854
1 -467742431
1 66676266
1 865794108
1 -688211530
1 -800791864
1 -825194234
1 -830646
0 338691579
1 -949824008
1 -127471659
1 -334965457
1 -303187926
1 -347593153
1 307636308
1 -177469729
1 -620313057
0 81663448
1 801722812
1 -63721900
1 -909543880
1 772118807
1 699192996
1 -779336763
1 119245347
1 619841586
0 397808844
1 301936691
1 -20453848
1 861665684
1 69648580
1 -23298007
1 296608049
1 -108419288
1 500733121
0 142803924
1 983471680
1 -472219659
1 930852178
1 -421256833
1 -959710811
1 467729468
1 -804362730
1 976083523
0 -701323720
1 669683670
1 172395203
1 -958518547
1 -70883548
1 101628434
1 -546296035
1 -881379835
1 292194608
0 866555382
1 123015555
1 -366496203
1 -54440805
1 -47446981
1 279279216
1 -375954301
1 -658919490
1 -711584283
0 -153354975
1 -646920639
1 67423964
1 920021518
1 621911929
1 250760573
1 -848323796
1 -564206142
1 -918295356
0 960759615
1 968852480
1 688893455
1 -631411283
1 -838808876
1 -266939840
1 -286496577
1 193330740
1 778076425
0 380757661
1 -212189175
1 -49714509
1 -650756466
1 309276529
1 510752586
1 334033394
1 358304309
1 915740872
0 -657646857
1 87281174
1 324671619
1 318453212
1 -397724444
1 568717343
1 652430432
1 63525081
1 624463211
0 499864877
1 -803299951
1 -532295384
1 599970765
1 596148008
1 582382477
1 -828251386
1 677010801
1 633422109
0 636723893
1 -171849297
1 363035009
1 625503113
1 -573128062
1 222769286
1 -835169769
1 -664243302
1 -123410307
0 69326650
1 -263119382
1 -360845196
1 667100885
1 110310412
1 452789660
1 -49942408
1 829721810
1 451229075
0 87403636
1 581178785
1 -187650207
1 630850328
1 286522497
1 208372556
1 620918465
1 -720653069
1 976665121
0 -362747212
1 -794889543
1 -42563708
1 747217313
1 978358495
1 -220750020
1 -111838620
1 -866073520
1 -506919214
0 -644829364
1 427648145
1 -676837497
1 269910777
1 218849835
1 -295371221
1 762581449
1 -997810077
1 -47040432
0 836560911
1 -792379165
1 -722747006
1 500822559
1 396151624
1 679368730
1 565417016
1 -339923902
1 -318964174
0 -597393986
1 733126546
1 519035853
1 374139391
1 -707062451
1 -820861099
1 666927523
1 -663464080
1 -180897164
0 107701353
1 9805567
1 657851425
1 -45175222
1 912004635
1 693680206
1 -523881161
1 257593256
1 989209797
0 998924021
1 -334830198
1 -229002438
1 772876249
1 -130562590
1 -758004526
1 307684897
1 -321337780
1 -187449130
0 -926275583
1 -659542572
1 867936087
1 342508133
1 -486007402
1 712064909
1 997402760
1 212206752
1 665392799
0 -387543782
1 -897949465
1 732635598
1 -971835340
1 870588142
1 128874347
1 154407907
1 -357392351
1 -409706694
0 84174194
1 -398493837
1 -434303028
1 -811900765
1 -536475827
1 302627987
1 -850988790
1 -296636235
1 -525072664
0 -125042158
1 148771440
1 -853777206
1 100934971
1 -939565381
1 238415897
1 -736574154
1 967120651
1 -204569499
0 -514279391
1 594738013
1 -573731088
1 631490269
1 696615772
1 -275027312
1 -227354774
1 -81053024
1 24922347
0 745561606
1 403526927
1 -650149343
1 -862138222
1 825361137
1 -754755600
1 -666189275
1 179964810
1 -240674831
0 -9283494
1 -463971150
1 431050516
1 269504466
1 -758888052
1 -602119671
1 -356449093
1 311583595
1 -392325134
0 512614245
1 529602988
1 683946492
1 649006451
1 883065187
1 -574544700
1 5301839
1 -87437693
1 368402148
0 54873052
1 -63780256
1 428047130
1 -700654131
1 352983552
1 -642914407
1 593718050
1 309658646
1 -893728584
0 18389063
1 494896044
1 -803437420
1 -13208566
1 85206480
1 -856149137
1 125821976
1 -523738457
1 278735278
0 -953364530
1 -32245630
1 -824108114
1 -828271263
1 -905663835
1 425422434
1 -779403
1 -469254237
1 546388151
0 837978839
1 -399215645
1 967978185
1 -857617425
1 682436758
1 -905342453
1 359651251
1 -102834877
1 845034361
0 470399134
1 67749157
1 -207134506
1 677241423
1 -785555222
1 356946313
1 509813199
1 -296408170
1 -284738597
0 -766505828
1 690590794
1 -642490883
1 427464866
1 443305586
1 -530487928
1 -497693114
1 488324916
1 129801688
0 -651749958
1 168684091
1 -349797769
1 -56263225
1 -583031268
1 -654376126
1 512723190
1 -883823202
1 344444152
0 335892785
1 -206920006
1 -13318924
1 -377535167
1 -804408680
1 -483317221
1 -573500598
1 147438237
1 -819043159
0 338422388
1 -419757531
1 -944556610
1 -608082780
1 382655016
1 -62018177
1 -299954850
1 -241765152
1 -546234347
0 -376527963
1 820431758
1 38148570
1 550691190
1 471007931
1 916926135
1 -507714965
1 632991528
1 111191400
0 856685911
1 111639188
1 968308063
1 649990961
1 278831603
1 -139860780
1 -228965358
1 -856234216
1 531779922
0 28687875
1 -896020160
1 -766212813
1 409685713
1 549124798
1 799368091
1 -678311204
1 109130162
1 -946223181
0 -916652999
1 668219548
1 40315005
1 -414760995
1 -864853399
1 792559349
1 155765036
1 -10695328
1 -911200680
0 736693568
1 429877720
1 -165977995
1 583465971
1 188550951
1 -538046367
1 155811076
1 547537594
1 193728203
0 6117877
1 -661422739
1 -764743446
1 257483046
1 137799418
1 588556156
1 -39585433
1 -615207695
1 -820254194
0 863867324
1 -237467968
1 -460441691
1 301222576
1 918656221
1 625385585
1 691828603
1 -552542320
1 181963910
0 -81214000
1 14588955
1 13799949
1 702191159
1 -64177375
1 532711330
1 -845924764
1 -524904935
1 -459593604
0 -896660474
1 40861192
1 999652253
1 593583757
1 257280731
1 545861743
1 85941591
1 -228286778
1 -550554173
0 -564320884
1 -720568742
1 11952490
1 660653019
1 -947680625
1 -117383844
1 -795682983
1 963690922
1 708744390
0 -336437804
1 79738529
1 817851160
1 -569038676
1 -258089835
1 902693806
1 -307465589
1 -38944391
1 612091256
0 -884839319
1 -679662650
1 -465020478
1 739336184
1 -502092804
1 873655417
1 262519319
1 55728689
1 -689800581
0 -243642741
1 444663300
1 26676594
1 -829838971
1 -595162352
1 271571784
1 60185119
1 546717569
1 404024850
0 -415861208
1 -97896166
1 -385215993
1 794141170
1 -539570284
1 -700055075
1 3052729
1 696950600
1 153047627
0 861799405
1 -102244207
1 362772914
1 745802023
1 887575917
1 -773963369
1 285213087
1 -107446426
1 -453514812
0 484549922
1 -619457162
1 -166650753
1 -500546897
1 -524822283
1 263777392
1 -903593113
1 -608762669
1 -768228308
0 -2323944
1 729292751
1 476547820
1 493550275
1 669092166
1 735196327
1 -421052811
1 157951755
1 -393169469
0 614561379
1 28728322
1 -859744176
1 -500087076
1 801434279
1 -881754111
1 -367603201
1 -40172770
1 -351140230
0 629676822
1 -456096415
1 -277632517
1 976320050
1 222336133
1 -228627293
1 -862298994
1 575302457
1 926053676
0 -493092061
1 340726139
1 434793059
1 -249926002
1 497934009
1 741842547
1 -529735337
1 380030086
1 68960881
0 -320608202
1 -602695608
1 713415681
1 -567319283
1 -632690372
1 448216974
1 -237325089
1 -528872860
1 902114095
0 -529697572
1 386985466
1 283539588
1 -371126899
1 844767993
1 628378901
1 541770437
1 240288303
1 -292970943
0 366655023
1 -915377884
1 538324291
1 -592305149
1 -803737111
1 686332061
1 -589231080
1 905139536
1 991704369
0 -853091971
1 -843211716
1 -308159334
1 -947932967
1 -410104510
1 -509254779
1 858616220
1 -705673601
1 532453927
0 709303068
1 -10201573
1 -47824386
1 352734769
1 962136430
1 570526971
1 992167451
1 -993331764
1 600850270
0 919918185
1 301296650
1 -448028865
1 323283197
1 495367
1 -717526764
1 882092977
1 362420850
1 977461980
0 -305568375
1 -774947772
1 532171949
1 -418538649
1 941782497
1 165796266
1 -888691668
1 806334600
1 172500498
0 -503811558
1 525774947
1 -804559775
1 -670649550
1 -334589626
1 -212977236
1 315551236
1 122748023
1 956364999
0 -467492076
1 508092174
1 -440716828
1 457577356
1 994295945
1 -13781128
1 -273270672
1 -529205255
1 93548960
0 -299473750
1 30819542
1 357660110
1 -521067062
1 652460785
1 673705898
1 47605864
1 -348322295
1 720851472
0 -263017056
1 -810656258
1 -19563621
1 -981810056
1 104229291
1 126792516
1 354411173
1 -184029869
1 -456677908
0 -399582075
1 303138005
1 356590975
1 576633392
1 -636771675
1 -836047195
1 302329153
1 -769679172
1 -239024353
0 -100465244
1 948368408
1 477464076
1 151076153
1 74239574
1 -972647962
1 -473680340
1 172086930
1 243496053
0 -245050119
1 346475918
1 -855812628
1 -287761527
1 752586125
1 -438582953
1 591088404
1 -879495997
1 994902714
0 -218968688
1 -753270573
1 -701384364
1 229373794
1 792753476
1 -418763854
1 -614747686
1 268205230
1 531963076
0 -809790647
1 840562772
1 -968556367
1 5736080
1 31440927
1 -551634206
1 933701721
1 -325923427
1 -123544147
0 -979960068
1 573234839
1 -557775663
1 -11787739
1 793178837
1 358435977
1 289219124
1 325904915
1 -404824023
0 257520692
1 -745794702
1 -797464904
1 -24066667
1 663062394
1 -320199589
1 173477884
1 37599958
1 -700880555
0 -610041177
1 483444970
1 -935798107
1 297939723
1 86631335
1 262158024
1 -107974041
1 -535992413
1 -795800931
0 -230943141
1 -815512036
1 842440347
1 213679593
1 841835901
1 487007471
1 -786430781
1 -198120119
1 339050651
0 -292771490
1 452110878
1 -803618393
1 600952674
1 501249316
1 -711766880
1 605736337
1 -631473300
1 -394473482
0 -354404397
1 -387446198
1 -591664407
1 -230633493
1 -883458580
1 -67486831
1 496934900
1 736199954
1 -595987151
0 794370722
1 -434328823
1 -121303899
1 141378151
1 614465843
1 -669724997
1 -385757302
1 -365765729
1 -675004068
0 -759142699
1 -153245281
1 233117962
1 -377798667
1 424665196
1 -192582923
1 -76121040
1 -325542541
1 -48456296
0 -821448402
1 609874279
1 -379079281
1 155682136
1 396515078
1 565335486
1 564760710
1 436594557
1 668701875
0 -556749284
1 94459117
1 -286839903
1 -372400388
1 -440875635
1 934672287
1 -989447231
1 503125363
1 -98344658
0 630715983
1 -402107655
1 -357091759
1 -70171532
1 690473705
1 -71694322
1 816563641
1 -939242866
1 -708639769
0 -603430001
1 457943798
1 322977502
1 -838896295
1 888521586
1 391365415
1 986940711
1 -434858547
1 38032439
0 -348600358
1 512496383
1 -87541074
1 442938977
1 441170762
1 -584173098
1 490409222
1 -348692853
1 688941191
0 -787236871
1 98895635
1 67392195
1 -634331425
1 -291463269
1 248676858
1 765171659
1 541698346
1 -726976786
0 -47118579
1 -166763883
1 -41917762
1 247809500
1 350958704
1 623034020
1 -53676167
1 542508104
1 6985391
0 948360350
1 -636498123
1 -653669827
1 783289148
1 362251438
1 441062857
1 248711377
1 -578173609
1 561003031
0 370298014
1 -562546659
1 -977338681
1 -606732381
1 426670486
1 196641014
1 -123184446
1 -495341682
1 -322552886
0 661712213
1 421704877
1 329776926
1 -394037401
1 970929096
1 636133545
1 813335098
1 22730159
1 -733902726
0 -382425090
1 780473156
1 625401645
1 -318303443
1 456717389
1 -265771421
1 845995913
1 662677250
1 -55187180
0 -443013024
1 558204976
1 744805805
1 -517271820
1 -789668922
1 -760579470
1 164380464
1 441363388
1 -728440589
0 -296546124
1 766584276
1 -3759033
1 671712202
1 82038053
1 125071214
1 527771181
1 201471901
1 373017682
0 -389768858
1 -756152877
1 -647512227
1 122691
1 97277334
1 -634755349
1 899177747
1 -439154375
1 850546159
0 -611443333
1 -274076967
1 57127539
1 414445113
1 -733623753
1 -525325047
1 340304592
1 517271781
1 -363037615
0 295498978
1 -297801496
1 -316983677
1 -669993244
1 -73379132
1 -338006849
1 -630652550
1 -337557184
1 979329140
0 150079431
1 -222107281
1 772186520
1 424536027
1 212182618
1 254012509
1 214057905
1 282042218
1 467432228
0 79110887
1 105830600
1 -165649847
1 -277581519
1 465164542
1 -693493172
1 117815502
1 460037386
1 916820250
0 74670185
1 -206399049
1 136989168
1 738539950
1 149648968
1 -368990045
1 -771029810
1 -46490444
1 -425526385
0 288582830
1 376019722
1 793492632
1 197216695
1 -165013566
1 -865425783
1 130462457
1 -934258222
1 591709630
0 90066225
1 641905203
1 667128434
1 -280547235
1 284791864
1 -318007318
1 -207357875
1 828002103
1 -160948445
0 -990774525
1 32034571
1 988177365
1 889913472
1 -46346144
1 878276627
1 345677367
1 940376733
1 -471338275
0 -746276668
1 146642939
1 -263138371
1 -406357199
1 248090717
1 426168981
1 372878792
1 614160878
1 -612970993
0 591632846
1 -203573880
1 187227785
1 -597720814
1 -361223938
1 -951172193
1 476458211
1 -89246255
1 903931276
0 -710822614
1 -20433603
1 -937123483
1 915067226
1 946210318
1 -96968165
1 -40923854
1 733434181
1 -105304313
0 922834832
1 -279777601
1 -333990041
1 -563173296
1 -712921029
1 851793626
1 657932944
1 779237194
1 -737459309
0 -371406112
1 -59053327
1 488602224
1 -574732794
1 -645865564
1 -954894139
1 774941869
1 -144736277
1 61230263
0 -581567299
1 -137235816
1 757767834
1 999191838
1 528506954
1 -180482127
1 -807746576
1 -68724631
1 299445707
0 603172150
1 659839096
1 -552756543
1 -483052393
1 -707937689
1 -119037602
1 954872035
1 -462128450
1 -861852620
0 772844517
1 -406652272
1 -597760488
1 452458848
1 251472015
1 520945485
1 843617071
1 381064668
1 908159433
0 -916194385
1 19299964
1 -573400337
1 376511283
1 787763858
1 687216120
1 930919388
1 580299868
1 -459707877
0 -639650995
1 897101710
1 125320549
1 -965394081
1 -619036571
1 -545150881
1 149606826
1 544053202
1 -907477290
0 958226188
1 -692992910
1 -209934730
1 263672928
1 -833987315
1 128333547
1 444438525
1 -632407527
1 797653803
0 33301355
1 551637789
1 -530791684
1 461907042
1 336190624
1 -989681422
1 -725035576
1 644207457
1 396421093
0 180532297
1 -770559441
1 -132962797
1 818392354
1 -719722053
1 775199587
1 -403699872
1 -592376622
1 694361156
0 -183602474
1 -90354024
1 801547508
1 15247953
1 -281494436
1 733131385
1 -390732147
1 -477747248
1 845858303
0 -120519869
1 861635932
1 -713563441
1 -964934389
1 690707965
1 -561217803
1 -900069110
1 620526173
1 144797561
0 793323016
1 397804850
1 338233387
1 463073742
1 519711701
1 -286503748
1 -940840225
1 -423435036
1 -554647684
0 -512084672
1 36992934
1 178784081
1 -663797631
1 -114981983
1 -938667106
1 -665420054
1 97875382
1 -138623998
0 849105505
1 -503407523
1 748361356
1 803610147
1 -911661808
1 876144909
1 -788493849
1 -278625813
1 704059693
0 -560967593
1 975265909
1 122926134
1 52731469
1 697077685
1 367835733
1 680985102
1 -255248127
1 768133135
0 -264229581
1 -466536267
1 -385658603
1 696158158
1 -937219834
1 -400572231
1 -540188016
1 -717196384
1 -210617594
0 -17648359
1 -9328175
1 -871205758
1 990259202
1 -287365223
1 431846673
1 -678845005
1 826780332
1 952899784
0 -309242108
1 -6603865
1 276744962
1 576711607
1 880986502
1 882011908
1 -798023581
1 -77659567
1 799174081
0 293825432
1 -831241697
1 157083464
1 -904058326
1 375386886
1 924806221
1 -332047120
1 -578572995
1 -62520725
0 -146613500
1 408164086
1 -450515353
1 701841632
1 43264795
1 481744269
1 -316093782
1 307038957
1 40931645
0 -638896991
1 -496990197
1 308929133
1 795814353
1 -286530440
1 -717526345
1 337769552
1 939975079
1 8505159
0 -204987973
1 7861202
1 -39826376
1 -435124189
1 824448206
1 -858534024
1 -57388882
1 -647997409
1 -489949923
0 -199110255
1 182188732
1 -832779051
1 111455507
1 -423612889
1 -615725920
1 812761619
1 289592938
1 -611457226
0 771385074
1 116061561
1 -185230354
1 223804155
1 -554220909
1 -849616324
1 -123491168
1 136082042
1 17777506
0 154011971
1 854610060
1 -122408428
1 -138017922
1 -50890636
1 -335113728
1 7424781
1 -141530807
1 825429755
0 -225961379
1 -719571769
1 517747219
1 -836405640
1 -67123511
1 423333898
1 358675481
1 -672253691
1 308344755
0 608876534
1 -297843265
1 215819972
1 18509800
1 -41491421
1 -972309706
1 -506175404
1 20063820
1 -281182878
0 210199090
1 364468035
1 -438319349
1 -395709964
1 492845368
1 285671995
1 -45801704
1 -521649600
1 -929143503
0 153283549
1 -834223387
1 -146139834
1 -607616207
1 -941504048
1 -753260954
1 945982344
1 260751800
1 976815947
0 -3075425
1 429615887
1 266835489
1 332055726
1 -554392427
1 510146422
1 902871347
1 -50603098
1 -904372985
0 -607990958
1 -292669326
1 -751949951
1 -908197982
1 -955336339
1 -153703048
1 -902490486
1 -547008211
1 883973933
0 -967558437
1 -155477318
1 -668504644
1 -909113732
1 -353893964
1 -866227289
1 -688840412
1 105232226
1 589309682
0 534610439
1 -571966473
1 -631659500
1 -377547373
1 -674034283
1 850810639
1 192658973
1 873453686
1 426305461
0 -640736399
1 -772993219
1 768694329
1 -467388104
1 391011389
1 648732779
1 -787349811
1 -751740157
1 576975678
0 -454492157
1 -940951881
1 -854853949
1 774977995
1 163795815
1 69403360
1 953641879
1 -951845316
1 671900743
0 764730335
1 156738636
1 35340465
1 445045494
1 -72253323
1 -620386207
1 867607087
1 -482338813
1 954726892
0 866453280
1 449743273
1 -694114561
1 722432183
1 -859051298
1 324675707
1 677896838
1 -477988837
1 12773759
0 -940066621
1 -15643611
1 788131584
1 280446789
1 38847983
1 -864492733
1 140633402
1 373586851
1 280469385
0 -247116806
1 -789679283
1 532361471
1 -984871621
1 553868809
1 773949198
1 205594783
1 389192168
1 -666017288
0 -103358790
1 -597281170
1 389579977
1 786367032
1 356270467
1 -534647427
1 -706513223
1 -992243202
1 -405187042
0 -69781720
1 -277939973
1 -150345868
1 775225099
1 -695932155
1 -39354837
1 716761829
1 398026099
1 149979063
0 -472405586
1 -885003075
1 -216583240
1 -693266767
1 -68727157
1 520813553
1 844106945
1 223135731
1 -601602427
0 625557880
1 542491816
1 -987149635
1 40206094
1 -364331325
1 -814408369
1 508195675
1 -322162356
1 390107526
0 -962832353
1 -931264409
1 104592733
1 -825990219
1 266054756
1 -866891496
1 -215449863
1 -998595496
1 -928168391
0 -695467270
1 577720544
1 -839767852
1 -21091587
1 386751672
1 236728933
1 242444909
1 868995286
1 -499017596
0 -298102320
1 612751452
1 -144252842
1 -755688530
1 713613883
1 135308177
1 814938291
1 -408176896
1 156626331
0 12710122
1 69252515
1 -19755752
1 607191705
1 -227134454
1 917321169
1 620842353
1 -260585914
1 -280979254
0 -909731632
1 291460276
1 -409632919
1 116791176
1 934062544
1 -641275037
1 -534960347
1 576028778
1 151982309
0 -786332338
1 -332988678
1 -212922241
1 -427248284
1 -519125559
1 -71627333
1 -117403483
1 720221324
1 -368814790
0 608283579
1 -817801352
1 -952835977
1 518736030
1 -230115054
1 255289948
1 4533525
1 343247500
1 825184366
0 485566555
1 -548667375
1 -68948575
1 -733195359
1 -277576988
1 -443124256
1 548714947
1 369131650
1 836932489
0 898021584
1 704950973
1 -395158021
1 -863320553
1 -215282473
1 566616452
1 407408562
1 405437062
1 -968603355
0 876426866
1 634839052
1 787386980
1 -548629549
1 -519453073
1 226462233
1 -206039368
1 766511665
1 -239830935
0 -727474243
1 248037081
1 -465918703
1 734942584
1 896523981
1 -522167848
1 431752424
1 -53045723
1 -204486265
0 -366822545
1 161978871
1 536019741
1 -303138222
1 -940779847
1 -152601243
1 452191859
1 107247289
1 -290200991
0 -236111393
1 21742097
1 -374386443
1 -335768899
1 -593907986
1 -509333180
1 -691182653
1 10592147
1 561284515
0 -722381165
1 79157549
1 -976944832
1 611989014
1 -468870587
1 660302834
1 -564608304
1 797439312
1 -605440706
0 616210491
1 871871340
1 204953222
1 -548536748
1 -61369157
1 141382568
1 251955445
1 -43560400
1 -194572837
0 -79402409
1 -158341890
1 -665297760
1 -390199652
1 -489556031
1 -676103939
1 988959369
1 -861180097
1 -552651628
0 719162240
1 -935638512
1 627982316
1 79258713
1 -248903326
1 -68175142
1 144436910
1 178455043
1 -629078354
0 830367664
1 238666052
1 833035686
1 -937255800
1 -609885285
1 117735046
1 -399955656
1 901508173
1 223755861
0 -623741614
1 889091833
1 599753047
1 566088363
1 932268492
1 378852231
1 -542436416
1 687651573
1 288944417
0 -622715153
1 -784372218
1 -940723137
1 -125807923
1 761716811
1 231862249
1 703356976
1 -773004874
1 -171119306
0 159608026
1 -283313183
1 503705776
1 -228302924
1 -377289909
1 -939429292
1 574812455
1 -832033561
1 72911398
0 -510648032
1 -348100907
1 169222042
1 -819755777
1 -152740009
1 563454019
1 233653518
1 -717189392
1 -845456353
0 293653544
1 655569706
1 -239835490
1 -349313345
1 -373438938
1 -970961418
1 568252870
1 -88181928
1 -636914013
0 -897268775
1 -160824024
1 47978726
1 894546235
1 121478047
1 863688247
1 730387797
1 -124973049
1 -459537301
0 -596175409
1 509837582
1 -518557961
1 -756833815
1 -138756530
1 -77170090
1 -577966617
1 -519537607
1 77831454
0 -960816097
1 486645079
1 -424018990
1 770322810
1 -437801014
1 277755831
1 490006208
1 567572710
1 578959161
0 529269878
1 -784381555
1 -805825172
1 -636352069
1 -856068309
1 -726431815
1 -533720806
1 -632022878
1 767483464
0 -246341589
1 -920608710
1 858208937
1 -812064921
1 654561684
1 329062691
1 -944859219
1 -440847235
1 -857620912
0 143440844
1 -537368899
1 -594581553
1 478353571
1 -210760480
1 -859519091
1 885165595
1 387524017
1 -615740456
0 871129503
1 984021041
1 -724617035
1 121565657
1 434372930
1 -340635454
1 -75323150
1 456877946
1 -766293694
0 402822195
1 513464883
1 717657568
1 -818701118
1 320048779
1 449394652
1 -66671102
1 406182591
1 -338398617
0 15310122
1 136441486
1 90165003
1 804751774
1 816909782
1 -545432255
1 -775417346
1 41015002
1 552704958
0 367734431
1 760091817
1 -352082501
1 -146645879
1 120506571
1 -153020279
1 245377703
1 -812552490
1 -75447036
0 389075153
1 226839767
1 969500065
1 376263019
1 -298850120
1 -518365672
1 689418245
1 600601004
1 -536226311
0 556942248
1 549644053
1 778246343
1 -382226263
1 882883275
1 865557829
1 886175781
1 503359689
1 674984689
0 -512567036
1 809538803
1 -870994605
1 -869425317
1 -986801958
1 845658552
1 30362340
1 935284581
1 -912195189
0 149404556
1 608794557
1 101072948
1 313166377
1 261499848
1 -182935298
1 694061964
1 412445524
1 381220377
0 189751464
1 956890409
1 -411799921
1 728857293
1 -151107093
1 -387174294
1 543817765
1 -770365664
1 -7488761
0 843216020
1 -509019134
1 -340531412
1 10614607
1 -289608026
1 -767730306
1 435331674
1 -597466330
1 971535166
0 -401153431
1 657628791
1 -263521735
1 -810587505
1 -78458739
1 186824786
1 -661712645
1 204343891
1 694393525
0 -505311666
1 532214202
1 737651549
1 105378999
1 -869537169
1 -434787325
1 -812490775
1 -960346032
1 835096006
0 565339995
1 -982569980
1 638374770
1 -80219216
1 -803998052
1 979581371
1 856596040
1 -550903691
1 576745942
0 -961189516
1 300394875
1 834047870
1 111966341
1 886582043
1 -446991760
1 842816331
1 940976753
1 -285568900
0 381749574
1 908930975
1 -873528859
1 -829724685
1 -589786466
1 -254329000
1 -672577570
1 -354069440
1 -759836661
0 548575885
1 -382752369
1 -684022556
1 -249283415
1 318698112
1 -235560875
1 -867552594
1 777296761
1 -310429162
0 728308062
1 117883123
1 122598647
1 -266076899
1 -580321631
1 108335581
1 -755634578
1 -160884483
1 -923204401
0 798937726
1 -48595314
1 794385191
1 33833662
1 639915075
1 -189310805
1 75043850
1 -760774200
1 933336794
0 32999033
1 -584247694
1 -270565688
1 440874636
1 -187583734
1 357581382
1 -288177460
1 113627648
1 -480977939
0 -756189675
1 767969352
1 958797674
1 -952664225
1 101704657
1 375420712
1 585152496
1 -778687188
1 602418445
0 -884198894
1 993443353
1 954378650
1 -979389977
1 -890393002
1 427382341
1 534303593
1 -952854759
1 125526305
0 374164677
1 246907201
1 -102631931
1 -121181022
1 171351909
1 -889554823
1 -333249067
1 -741886361
1 -736143872
0 -994643464
1 282762326
1 -305702520
1 -39278079
1 279025984
1 835506082
1 -46631230
1 -288821684
1 -177937023
0 -529054707
1 372557095
1 -913698951
1 -279096501
1 275583653
1 -71560009
1 -785156256
1 139441163
1 522683223
0 196109968
1 300211411
1 7678650
1 -50856775
1 -775844669
1 -68110037
1 901638032
1 -565471030
1 -446841463
0 -431859093
1 -753989577
1 -269626635
1 -829720618
1 -543967512
1 830526623
1 -792859207
1 -211484534
1 -379023612
0 -967809134
1 831671162
1 -482331147
1 -378652043
1 -267743955
1 573801926
1 -247238342
1 283962290
1 -490034481
0 -977628590
1 55918844
1 666918747
1 279787645
1 603456540
1 -544148063
1 956405585
1 -418942134
1 402546839
0 -701557549
1 601969406
1 13089178
1 593593601
1 -870110318
1 896882810
1 250972068
1 -303291832
1 958584396
0 -934558153
1 998528420
1 -828950637
1 -357136849
1 529192651
1 646016124
1 -739412972
1 -29729876
1 912696021
0 487627986
1 -313417862
1 368218183
1 -993894280
1 -881885235
1 -473198041
1 645593738
1 -160851895
1 -44230743
0 -116685319
1 -44174983
1 378421996
1 -479691047
1 -824740141
1 980656822
1 654026226
1 -522753507
1 -35184820
0 -709534451
1 -321891739
1 -515669961
1 -586224463
1 494526072
1 305564643
1 810606690
1 -351760360
1 -16843921
0 -688213443
1 996028358
1 -579488894
1 -779007801
1 -635597363
1 712739791
1 -828709978
1 -544960370
1 84420617
0 508014577
1 468021103
1 -39884649
1 -334478257
1 174938193
1 400383769
1 272652565
1 285652345
1 -497793385
0 848006601
1 345688342
1 -103094488
1 869878301
1 -249439372
1 878598870
1 -10335429
1 -179163923
1 -622910374
0 -279688371
1 970421032
1 -241196422
1 389545243
1 -806020056
1 -543149698
1 86643575
1 554142587
1 -391365615
0 -986272394
1 -528842188
1 -409024980
1 -240186039
1 -404509996
1 869874447
1 407276952
1 -608572821
1 63498806
0 783587497
1 -71764807
1 -630065409
1 -894194118
1 436597117
1 -810085121
1 -596352872
1 -34538241
1 -192718445
0 -400563988
1 63239216
1 -87862143
1 -687817848
1 70334236
1 95191861
1 305976946
1 -319012287
1 -719191653
0 929417282
1 292793020
1 -432080019
1 601263066
1 300839861
1 -880481451
1 -439880529
1 -305570674
1 -66878293
0 -429186001
1 459815407
1 809069646
1 242235654
1 779370825
1 865251351
1 -460780410
1 204769822
1 42948165
0 615562146
1 -399821605
1 173842512
1 532861763
1 110619775
1 578133843
1 161850711
1 -916039386
1 -696264854
0 908992629
1 221699907
1 427512283
1 134688842
1 -149471469
1 -194467836
1 864121625
1 308999196
1 -133568037
0 -228504582
1 -237856327
1 -141573885
1 -463816515
1 -423424481
